argmin
GCM_Competent([8.3642,3.8130,6.2592,1.6000,1.1773,1.6842,1.4307,1.2353,1.1773,1.1773])

-> Enter GCM_Competent
   8.3642   3.8130   6.2592   1.6000   1.1773   1.6842   1.4307   1.2353   1.1773   1.1773
pEf ==
   6.5662e-01
   7.0275e-02
   1.7075e-01
   2.1838e-01
   1.0920e-01
   4.8645e-01
   8.1516e-02
   4.4750e-02
   5.8597e-01
   1.6408e-01
   9.4837e-03
   2.7702e-01
   1.1752e-01
   5.7411e-02
   2.8684e-02
   1.0001e-01
   1.4217e-02
   6.1957e-02
   1.0794e-02
   1.8589e-02
   1.4995e-01
   2.0967e-01
   1.1992e-02
   1.0693e-01
   1.9285e-01
   1.1108e-01
   9.6359e-03
   1.0999e-01
   1.7244e-02
   9.7100e-02
   8.2533e-02
   8.4757e-02
   1.5788e-01
   1.1323e-01
   4.9983e-02
   8.2424e-02
   1.0054e-01
   5.6666e-01
   4.1145e-02
   1.0287e-01
   5.2373e-02
   8.4722e-02
   4.7883e-02
   1.0365e-01
   6.9344e-01
   1.1392e-01
   5.2586e-02
   1.2064e-01
   1.8791e-01
   1.3574e-01
   4.0773e-01
   4.7823e-02
   3.0352e-02
   2.9112e-01
   1.8491e-01
   4.8941e-01
   6.6803e-02
   2.4214e-01
   2.8183e-02
   7.2860e-02
   2.4048e-01
   2.2582e-01
   1.3597e-01
   9.5323e-02
   1.6117e-02
   2.4892e-01
   6.7432e-02
   9.7297e-02
   1.4795e-01
   1.5039e-01
   1.7227e-01
   1.6551e-01
   8.2411e-02
   4.1664e-02
   5.7429e-01
   4.9852e-01
   2.4962e-01
   7.2464e-02
   1.6702e-01
   1.2719e-01
allOut
   0.9151
   0.3779
   0.6569
   0.7103
   0.6122
   0.7730
   0.5817
   0.4010
   0.8252
   0.6905
   0.1843
   0.7835
   0.5095
   0.4359
   0.2413
   0.5063
   0.1981
   0.2788
   0.1683
   0.5231
   0.5278
   0.5928
   0.2228
   0.4647
   0.5962
   0.4019
   0.1747
   0.4967
   0.2136
   0.5303
   0.5458
   0.4746
   0.5654
   0.6556
   0.3413
   0.4776
   0.4571
   0.8548
   0.3590
   0.5897
   0.4230
   0.5143
   0.4904
   0.6601
   0.9183
   0.5175
   0.3025
   0.5032
   0.6246
   0.4983
   0.7138
   0.2670
   0.3879
   0.6667
   0.6038
   0.7435
   0.4272
   0.6780
   0.3911
   0.4522
   0.5593
   0.6964
   0.5735
   0.4904
   0.1540
   0.6006
   0.4222
   0.4840
   0.7724
   0.6336
   0.5476
   0.6399
   0.4905
   0.3146
   0.8333
   0.8576
   0.6181
   0.3894
   0.5647
   0.6160
<- Exit GCM_Competent
